0 405 405 202 0
1 429 408.000 156.750 1035.000
2 452 413.500 127.187 922.248
3 373 408.437 104.249 825.433
4 397 407.007 80.687 729.755
5 420 408.631 63.357 662.059
6 444 413.052 55.254 634.068
7 366 407.170 51.732 614.098
8 388 404.773 42.992 576.741
9 411 405.551 33.606 539.975
10 436 409.357 31.864 536.813
11 358 402.937 35.132 543.465
12 383 400.444 30.710 523.284
13 409 401.513 24.903 501.125
14 427 404.698 24.252 501.706
15 354 398.360 29.279 515.476
16 372 395.065 27.725 505.965
17 398 395.431 21.435 481.171
18 420 398.502 21.450 484.302
19 445 404.314 26.258 509.346
20 365 399.399 28.292 512.567
21 390 398.224 23.275 491.324
22 419 400.821 22.000 488.821
23 549 419.343 48.914 614.999
24 357 411.550 50.322 612.838
25 380 407.606 44.642 586.174
26 404 407.155 34.269 544.231
27 434 410.510 31.573 536.802
28 457 416.321 33.848 551.713
29 374 411.030 34.643 549.602
30 243 390.026 62.738 640.978
31 421 393.897 53.828 609.209
32 445 400.284 51.550 606.484
33 365 395.873 46.380 581.393
34 391 395.263 35.850 538.663
35 414 397.605 30.985 521.545
36 440 402.904 32.512 532.952
37 361 397.666 33.550 531.866
38 254 379.707 56.588 606.059
39 405 382.868 47.974 574.764
40 265 368.134 61.763 615.186
41 461 379.742 66.636 646.286
42 878 442.024 158.971 1077.908
43 464 444.771 124.035 940.911
44 591 463.049 125.013 963.101
45 369 451.292 114.332 908.620
46 390 443.630 99.156 840.254
47 414 439.926 80.848 763.318
48 438 439.685 61.057 683.913
49 358 429.474 63.660 684.114
50 382 423.539 58.129 656.055
51 405 421.221 47.651 611.825
52 430 422.318 37.658 572.950
53 351 413.403 43.843 588.775
54 377 408.852 40.845 572.232
55 402 407.995 32.131 536.519
56 422 409.745 27.161 518.389
57 446 414.276 28.301 527.480
58 412 413.991 21.722 500.879
59 455 419.117 25.261 520.161
60 367 412.602 30.345 533.982
61 405 411.651 24.420 509.331
62 416 412.194 19.266 489.258
63 439 415.544 20.313 496.796
64 360 408.601 27.384 518.137
65 384 405.525 25.919 509.201
66 522 420.084 44.918 599.756
67 408 418.573 36.331 563.897
68 353 410.376 41.592 576.744
69 377 406.204 38.495 560.184
70 400 405.428 30.228 526.340
71 320 394.749 41.358 560.181
72 447 401.280 42.448 571.072
73 368 397.120 39.116 553.584
74 392 396.480 30.457 518.308
75 416 398.920 27.112 507.368
76 441 404.180 29.539 522.336
77 361 398.782 31.599 525.178
78 385 397.059 26.713 503.911
79 409 398.551 22.646 489.135
80 432 402.732 24.301 499.936
81 456 409.390 29.877 528.898
82 379 405.591 29.054 521.807
83 403 405.267 22.356 494.691
84 427 407.983 21.521 494.067
85 551 425.860 47.425 615.560
86 384 420.627 44.724 599.523
87 702 455.798 95.093 836.170
88 432 452.823 76.524 758.919
89 765 491.845 125.681 994.569
90 481 490.489 96.632 877.017
91 392 478.177 94.018 854.249
92 513 482.529 78.130 795.049
93 448 478.212 66.150 742.812
94 663 501.310 90.034 861.446
95 378 485.896 94.499 863.892
96 812 526.659 142.209 1095.495
97 528 526.826 106.949 954.622
98 962 581.222 175.405 1282.842
99 680 593.569 153.160 1206.209
100 396 568.872 158.088 1201.224
101 726 588.513 152.937 1200.261
102 443 570.323 146.532 1156.451
103 380 546.532 151.532 1152.660
104 593 552.340 123.814 1047.596
105 412 534.797 123.559 1029.033
106 742 560.697 137.994 1112.673
107 461 548.234 125.303 1049.446
108 389 528.329 128.809 1043.565
109 611 538.662 114.690 997.422
110 328 512.329 132.099 1040.725
111 588 521.787 115.627 984.295
112 477 516.188 96.517 902.256
113 404 502.164 96.928 889.876
114 626 517.643 99.785 916.783
115 447 508.812 90.291 869.976
116 326 485.960 107.708 916.792
117 492 486.715 82.102 815.123
118 429 479.500 74.201 776.304
119 644 500.062 91.634 866.598
120 360 482.554 99.363 880.006
121 793 521.359 142.432 1091.087
122 511 520.064 109.090 956.424
123 441 510.181 99.112 906.629
124 245 477.033 132.342 1006.401
125 478 477.153 99.467 875.021
126 913 531.633 169.941 1211.397
127 526 530.928 128.687 1045.676
128 462 522.312 111.593 968.684
129 677 541.648 117.532 1011.776
130 394 523.192 120.447 1004.980
131 323 498.168 134.127 1034.676
132 543 503.772 110.402 945.380
133 376 487.800 110.751 930.804
134 693 513.450 127.950 1025.250
135 409 500.393 118.810 975.633
136 739 530.218 141.302 1095.426
137 458 521.190 121.773 1008.282
138 384 504.041 121.339 989.397
139 607 516.910 113.526 971.014
140 535 519.171 89.101 875.575
141 635 533.649 92.162 902.297
142 372 513.442 104.481 931.366
143 804 549.761 141.919 1117.437
144 522 546.290 112.511 996.334
145 448 534.003 105.883 957.535
146 672 551.252 109.599 989.648
147 388 530.845 117.910 1002.485
148 821 567.114 151.903 1174.726
149 537 563.349 120.514 1045.405
150 357 537.555 135.523 1079.647
151 689 556.485 134.770 1095.565
152 405 537.549 134.214 1074.405
153 736 562.355 144.071 1138.639
154 452 548.560 132.193 1077.332
155 389 528.615 134.047 1064.803
156 602 537.788 116.588 1004.140
157 422 523.314 112.769 974.390
158 752 551.899 134.601 1090.303
159 471 541.786 118.646 1016.370
160 402 524.312 119.562 1002.560
161 481 518.898 99.145 915.478
162 438 508.785 92.054 877.001
163 768 541.186 125.743 1044.158
164 486 534.287 106.378 959.799
165 413 519.126 106.314 944.382
166 635 533.610 105.082 953.938
167 250 498.158 140.850 1061.558
168 784 533.888 168.165 1206.548
169 501 529.777 133.317 1063.045
170 430 517.304 121.813 1004.556
171 353 496.766 127.300 1005.966
172 367 480.545 123.861 975.989
173 365 466.101 118.170 938.781
174 250 439.088 135.899 982.684
175 233 413.327 147.005 1001.347
176 416 413.661 110.837 857.009
177 381 409.578 90.271 770.662
178 411 409.755 68.014 681.811
179 635 437.910 100.282 839.038
180 352 427.171 94.003 803.183
181 380 421.274 80.820 744.554
182 399 418.489 65.487 680.437
183 423 419.052 50.102 619.460
184 446 422.420 43.471 596.304
185 368 415.617 44.507 593.645
186 391 412.539 38.764 567.595
187 415 412.846 29.611 531.290
188 438 415.990 27.710 526.830
189 359 408.866 33.248 541.858
190 384 405.757 30.375 527.257
191 407 405.912 23.053 498.124
192 431 409.048 22.777 500.156
193 353 402.042 29.342 519.410
194 376 398.786 27.702 509.594
195 399 398.812 20.823 482.104
196 423 401.835 20.908 485.467
197 345 394.730 28.113 507.182
198 369 391.513 26.712 498.361
199 393 391.698 20.359 473.134
200 417 394.860 20.804 478.076
201 338 387.752 28.041 499.916
202 361 384.408 26.882 491.936
203 384 384.357 20.250 465.357
204 408 387.312 20.359 468.748
205 432 392.898 25.044 493.074
206 353 387.910 27.510 497.950
207 376 386.421 23.237 479.369
208 400 388.118 20.397 469.706
209 423 392.478 22.927 484.186
210 346 386.668 27.362 496.116
211 367 384.209 24.823 483.501
212 392 385.182 20.321 466.466
213 421 389.659 23.075 481.959
214 447 396.826 29.849 516.222
215 368 393.222 28.691 507.986
216 394 393.319 21.688 480.071
217 415 396.029 21.008 480.061
218 434 400.775 24.062 497.023
219 355 395.053 28.059 507.289
220 376 392.671 25.211 493.515
221 401 393.712 20.730 476.632
222 425 397.623 22.391 487.187
223 447 403.795 27.594 514.171
224 370 399.570 28.087 511.918
225 393 398.748 22.502 488.756
226 415 400.779 20.431 482.503
227 439 405.556 23.684 500.292
228 362 400.111 27.290 509.271
229 385 398.222 23.772 493.310
230 408 399.444 19.968 479.316
231 432 403.513 22.097 491.901
232 355 397.448 27.184 506.184
233 378 395.017 24.642 493.585
234 400 395.639 19.571 473.923
235 424 399.184 20.882 482.712
236 348 392.786 26.857 500.214
237 369 389.812 25.345 491.192
238 392 390.085 19.486 468.029
239 415 393.199 20.064 473.455
240 440 399.049 25.285 500.189
241 361 394.292 27.286 503.436
242 384 393.005 22.715 483.865
243 408 394.879 20.316 476.143
244 433 399.644 23.576 493.948
245 352 393.688 28.104 506.104
246 377 391.602 24.728 490.514
247 400 392.651 20.383 474.183
248 425 396.694 22.363 486.146
249 447 402.982 27.776 514.086
250 369 398.734 28.265 511.794
251 392 397.892 22.671 488.576
252 313 387.280 35.573 529.572
253 424 391.870 34.711 530.714
254 361 388.011 32.785 519.151
255 384 387.509 25.465 489.369
256 407 389.945 23.361 483.389
257 432 395.201 26.719 502.077
258 455 402.675 33.120 535.155
259 375 399.215 30.893 522.787
260 401 399.438 23.559 493.674
261 424 402.508 23.042 494.676
262 346 395.444 29.642 514.012
263 369 392.138 28.015 504.198
264 393 392.245 21.199 477.041
265 417 395.339 21.314 480.595
266 440 400.921 25.754 503.937
267 362 396.055 27.828 507.367
268 384 394.548 23.508 488.580
269 409 396.354 20.792 479.522
270 433 400.934 23.610 495.374
271 353 394.942 28.192 507.710
272 377 392.699 25.068 492.971
273 401 393.736 20.617 476.204
274 426 397.769 22.519 487.845
275 346 391.297 28.213 504.149
276 370 388.634 25.817 491.902
277 394 389.304 20.536 471.448
278 417 392.766 21.460 478.606
279 441 398.795 26.646 505.379
280 362 394.195 28.032 506.323
281 386 393.170 22.816 484.434
282 409 395.148 20.575 477.448
283 433 399.879 23.711 494.723
284 355 394.269 27.600 504.669
285 278 379.735 46.133 564.267
286 407 383.143 40.563 545.395
287 428 388.750 40.234 549.686
288 452 396.656 44.011 572.700
289 374 393.824 37.964 545.680
290 397 394.221 29.167 510.889
291 421 397.568 27.733 508.500
292 444 403.372 30.956 527.196
293 326 393.700 40.142 554.268
294 365 390.112 36.384 535.648
295 405 391.973 30.544 514.149
296 329 384.101 36.683 530.833
297 358 380.838 33.221 513.722
298 382 380.983 25.169 481.659
299 405 383.985 24.129 480.501
300 429 389.611 27.943 501.383
301 355 385.284 28.528 499.396
302 376 384.123 23.426 477.827
303 398 385.857 20.604 468.273
304 423 390.499 23.578 484.811
305 447 397.561 30.042 517.729
306 368 393.865 28.997 509.853
307 391 393.506 22.373 482.998
308 417 396.442 21.918 484.114
309 338 389.136 29.222 506.024
310 362 385.744 27.852 497.152
311 384 385.526 21.270 470.606
312 409 388.460 21.087 472.808
313 431 393.777 25.120 494.257
314 354 388.804 27.541 498.968
315 377 387.328 23.237 480.276
316 404 389.412 21.074 473.708
317 425 393.860 23.590 488.220
318 347 388.002 27.942 499.770
319 369 385.626 25.112 486.074
320 394 386.672 20.666 469.336
321 419 390.713 22.570 480.993
322 442 397.123 28.146 509.707
323 363 392.857 28.573 507.149
324 385 391.874 23.147 484.462
325 407 393.764 20.669 476.440
326 431 398.418 23.646 493.002
327 452 405.115 29.455 522.935
328 373 401.100 29.116 517.564
329 395 400.337 23.171 493.021
330 418 402.544 21.242 487.512
331 442 407.476 24.562 505.724
332 362 401.791 28.368 515.263
333 386 399.817 24.730 498.737
334 406 400.589 19.899 480.185
335 429 404.140 21.139 488.696
336 349 397.247 27.915 508.907
337 370 393.841 26.896 501.425
338 394 393.860 20.207 474.688
339 415 396.502 19.779 475.618
340 438 401.689 23.911 497.333
341 358 396.227 27.489 506.183
342 382 394.448 23.728 489.360
343 403 395.517 19.666 474.181
344 427 399.452 21.636 485.996
345 346 392.770 27.919 504.446
346 370 389.923 25.919 493.599
347 391 390.057 19.674 468.753
348 413 392.924 19.774 472.020
349 438 398.558 24.690 497.318
350 264 381.738 47.951 573.542
351 380 381.520 36.343 526.892
352 306 372.080 43.777 547.188
353 425 378.695 44.408 556.327
354 448 387.358 48.466 581.222
355 368 384.938 40.583 547.270
356 390 385.570 31.544 511.746
357 413 388.998 29.658 507.630
358 436 394.873 32.524 524.969
359 356 390.013 32.896 521.597
360 378 388.511 27.299 497.707
361 401 390.072 23.206 482.896
362 423 394.188 24.607 492.616
363 447 400.789 30.007 520.817
364 350 394.440 33.615 528.900
365 494 406.885 46.989 594.841
366 413 407.649 36.578 553.961
367 436 411.192 33.635 545.732
368 356 404.293 37.299 553.489
369 379 401.131 33.506 535.155
370 402 401.239 25.319 502.515
371 425 404.209 24.186 500.953
372 345 396.807 31.090 521.167
373 368 393.206 29.618 511.678
374 390 392.805 22.914 484.461
375 414 395.454 21.821 482.738
376 436 400.522 25.234 501.458
377 356 394.956 28.664 509.612
378 379 392.961 24.988 492.913
379 400 393.840 20.281 474.964
380 424 397.610 21.807 484.838
381 445 403.533 26.721 510.417
382 366 398.841 28.250 511.841
383 388 397.485 23.558 491.717
384 412 399.299 20.843 482.671
385 434 403.636 23.223 496.528
386 354 397.431 28.274 510.527
387 377 394.877 25.674 497.573
388 400 395.517 20.375 477.017
389 422 398.827 21.074 483.123
390 444 404.473 25.686 507.217
391 366 399.663 27.679 510.379
392 387 398.080 23.529 492.196
393 410 399.570 20.253 480.582
394 331 390.998 30.188 511.750
395 353 386.248 30.953 510.060
396 376 384.967 25.455 486.787
397 397 386.471 21.723 473.363
398 420 390.662 23.626 485.166
399 442 397.079 28.949 512.875
400 362 392.694 29.384 510.230
401 385 391.732 23.721 486.616
402 407 393.640 21.130 478.160
403 430 398.185 23.800 493.385
404 351 392.286 28.171 504.970
405 373 389.875 25.346 491.259
406 394 390.390 19.911 470.034
407 417 393.716 20.754 476.732
408 439 399.376 25.471 501.260
409 360 394.454 27.716 505.318
410 382 392.897 23.511 486.941
411 406 394.534 20.499 476.530
412 427 398.592 22.476 488.496
413 2536 665.768 484.415 2603.428
414 1536 774.547 553.674 2989.243
415 538 744.978 466.999 2612.974
416 443 707.230 416.306 2372.454
417 362 664.076 387.748 2215.068
418 386 629.316 351.640 2035.876
419 407 601.526 312.361 1850.970
420 431 580.210 271.572 1666.498
421 351 551.558 253.818 1566.830
422 374 529.363 229.203 1446.175
423 294 499.942 223.387 1393.490
424 420 489.949 185.027 1230.057
425 340 471.205 171.571 1157.489
426 465 470.429 130.035 990.569
427 385 459.750 116.213 924.602
428 408 453.281 98.479 847.197
429 431 450.495 78.732 765.423
430 353 438.308 80.376 759.812
431 375 430.394 74.130 726.914
432 397 426.219 62.901 677.823
433 421 425.566 48.316 618.830
434 443 427.745 40.050 587.945
435 364 419.776 43.981 595.700
436 328 408.304 53.061 620.548
437 407 408.141 40.080 568.461
438 329 398.248 47.372 587.736
439 350 392.217 46.083 576.549
440 373 389.814 38.765 544.874
441 397 390.712 30.645 513.292
442 419 394.248 29.171 510.932
443 441 400.092 32.105 528.512
444 362 395.330 32.410 524.970
445 384 393.913 26.785 501.053
446 409 395.798 23.388 489.350
447 431 400.198 25.241 501.162
448 350 393.923 29.910 513.563
449 373 391.307 27.008 499.339
450 395 391.768 21.064 476.024
451 419 395.172 21.755 482.192
452 441 400.900 26.341 506.264
453 260 383.287 50.576 585.591
454 383 383.251 37.994 535.227
455 406 386.094 33.471 519.978
456 430 391.582 34.707 530.410
457 349 386.259 35.344 527.635
458 373 384.601 29.408 502.233
459 294 373.275 41.874 540.771
460 418 378.865 41.188 543.617
461 440 386.506 44.264 563.562
462 362 383.442 38.558 537.674
463 384 383.511 29.040 499.671
464 407 386.447 26.918 494.119
465 429 391.766 29.496 509.750
466 350 386.545 31.258 511.577
467 239 368.101 55.718 590.973
468 394 371.338 47.453 561.150
469 418 377.170 45.796 560.354
470 440 385.023 48.091 577.387
471 361 382.020 41.323 547.312
472 383 382.142 31.206 506.966
473 406 385.124 28.623 499.616
474 330 378.233 33.525 512.333
475 347 374.328 31.975 502.228
476 369 373.662 25.146 474.246
477 393 376.079 23.089 468.435
478 416 381.069 26.048 485.261
479 438 388.185 31.989 516.141
480 359 384.536 30.375 506.036
481 384 384.469 22.898 476.061
482 404 386.910 21.445 472.690
483 426 391.796 24.634 490.332
484 346 386.071 28.492 500.039
485 370 384.062 24.884 483.598
486 391 384.929 20.180 465.649
487 414 388.562 21.494 474.538
488 436 394.491 26.497 500.479
489 257 377.304 49.948 577.096
490 379 377.516 37.832 528.844
491 356 374.826 33.080 507.146
492 424 380.972 35.567 523.240
493 344 376.350 34.762 515.398
494 367 375.181 28.116 487.645
495 389 376.908 24.110 473.348
496 412 381.294 25.758 484.326
497 434 387.882 30.847 511.270
498 355 383.771 30.327 505.079
499 378 383.049 24.007 479.077
500 400 385.167 21.713 472.019
501 424 390.021 24.778 489.133
502 446 397.018 30.828 520.330
503 366 393.140 29.906 512.764
504 390 392.747 23.115 485.207
505 412 395.153 21.547 481.341
506 435 400.133 24.876 499.637
507 357 394.741 28.092 507.109
508 378 392.648 24.731 491.572
509 402 393.817 20.593 476.189
510 424 397.589 22.046 485.773
511 447 403.765 27.342 513.133
512 366 399.044 28.767 514.112
513 390 397.913 23.553 492.125
514 411 399.548 20.527 481.656
515 434 403.854 22.931 495.578
516 355 397.747 27.884 509.283
517 378 395.278 25.232 496.206
518 400 395.868 19.957 475.696
519 423 399.259 20.902 482.867
520 445 404.976 25.682 507.704
521 366 400.104 27.787 511.252
522 388 398.591 23.487 492.539
523 410 400.017 20.110 480.457
524 433 404.139 22.297 493.327
525 352 397.621 28.127 510.129
526 375 394.793 26.043 498.965
527 399 395.318 20.452 477.126
528 421 398.528 20.957 482.356
529 332 390.212 30.270 511.292
530 365 387.060 28.217 499.928
531 389 387.302 21.586 473.646
532 2365 634.514 448.810 2429.754
533 1365 725.824 496.401 2711.428
534 365 680.721 451.230 2485.641
535 403 646.005 399.173 2242.697
536 426 618.504 347.505 2008.524
537 346 584.441 320.238 1865.393
538 368 557.385 287.524 1707.481
539 392 536.711 251.820 1543.991
540 414 521.372 215.708 1384.204
541 437 510.825 180.237 1231.773
542 356 491.471 169.044 1167.647
543 379 477.412 151.386 1082.956
544 403 468.110 129.816 987.374
545 426 462.846 106.573 889.138
546 346 448.240 105.489 870.196
547 368 438.210 96.668 824.882
548 389 432.058 83.265 765.118
549 411 429.425 67.054 697.641
550 435 430.121 51.509 636.157
551 356 420.855 54.844 640.231
552 378 415.498 50.507 617.526
553 605 439.185 79.333 756.517
554 425 437.411 62.601 687.815
555 447 438.609 49.047 634.797
556 367 429.657 52.449 639.453
557 389 424.574 48.229 617.490
558 413 423.127 38.702 577.935
559 334 411.986 48.522 606.074
560 382 408.237 42.950 580.037
561 583 430.082 70.441 711.846
562 400 426.321 59.410 663.961
563 731 464.405 111.205 909.225
564 447 462.229 87.210 811.069
565 375 451.325 84.488 789.277
566 595 469.284 94.795 848.464
567 430 464.373 79.689 783.129
568 640 486.326 98.184 879.062
569 458 482.785 79.834 802.121
570 788 520.936 126.641 1027.500
571 506 519.069 98.247 912.057
572 434 508.435 92.293 877.607
573 654 526.630 101.061 930.874
574 368 506.801 110.495 948.781
575 802 543.700 147.446 1133.484
576 518 540.487 116.205 1005.307
577 443 528.301 108.478 962.213
578 562 532.513 88.729 887.429
579 381 513.573 99.689 912.329
580 439 504.251 91.078 868.563
581 425 494.344 85.644 836.920
582 858 539.801 143.782 1114.929
583 576 544.325 115.754 1007.341
584 409 527.409 116.417 993.077
585 622 539.232 108.004 971.248
586 439 526.703 102.928 938.415
587 769 556.990 130.198 1077.782
588 485 547.991 113.395 1001.571
589 405 530.117 116.325 995.417
590 429 517.477 109.362 954.925
591 349 496.417 118.875 971.917
592 372 480.864 116.372 946.352
593 393 469.881 106.499 895.877
594 417 463.270 91.441 829.034
595 439 460.236 73.889 755.792
596 361 447.831 77.123 756.323
597 382 439.602 72.242 728.570
598 406 435.401 61.531 681.525
599 428 434.475 47.766 625.539
600 349 423.790 54.521 641.874
601 372 417.316 52.219 626.192
602 395 414.526 44.045 590.706
603 417 414.835 33.574 549.131
604 440 417.980 30.685 540.720
605 361 410.857 35.477 552.765
606 383 407.374 32.700 538.174
607 406 407.202 24.825 506.502
608 430 410.051 23.605 504.471
609 451 415.169 26.660 521.809
610 371 409.647 29.656 528.271
611 395 407.816 25.446 509.600
612 418 409.089 21.311 494.333
613 440 412.952 22.745 503.932
614 360 406.333 28.641 520.897
615 382 403.291 26.802 510.499
616 404 403.379 20.256 484.403
617 427 406.331 20.359 487.767
618 450 411.789 24.821 511.073
619 371 406.690 27.537 516.838
620 393 404.978 23.646 499.562
621 416 406.355 20.145 486.935
622 438 410.310 22.030 498.430
623 358 403.771 27.964 515.627
624 382 401.049 25.735 503.989
625 403 401.292 19.728 480.204
626 426 404.380 20.201 485.184
627 345 396.957 28.139 509.513
628 368 393.337 27.438 503.089
629 391 393.044 21.089 477.400
630 416 395.913 20.837 479.261
631 438 401.173 24.833 500.505
632 359 395.901 27.849 507.297
633 381 394.038 24.145 490.618
634 403 395.158 20.068 475.430
635 425 398.888 21.579 485.204
636 449 405.152 27.146 513.736
637 368 400.508 28.486 514.452
638 392 399.444 23.225 492.344
639 413 401.138 20.383 482.670
640 436 405.495 22.913 497.147
641 355 399.183 28.229 512.099
642 379 396.660 25.586 499.004
643 300 384.577 40.333 545.909
644 424 389.504 38.873 544.996
645 447 396.691 41.731 563.615
646 367 392.979 37.792 544.147
647 390 392.606 28.995 508.586
648 412 395.030 25.988 498.982
649 436 400.151 28.453 513.963
650 355 394.507 31.215 519.367
651 2210 621.443 420.550 2303.643
652 1203 694.137 442.627 2464.645
653 245 637.994 430.218 2358.866
654 355 602.619 384.567 2140.887
655 369 573.416 339.529 1931.532
656 392 550.739 294.330 1728.059
657 413 533.521 250.877 1537.029
658 438 521.580 209.052 1357.788
659 357 501.007 192.790 1272.167
660 381 486.006 170.843 1169.378
661 402 475.505 146.508 1061.537
662 426 469.316 120.710 952.156
663 346 453.901 117.507 923.929
664 369 443.288 106.702 870.096
665 392 436.877 91.245 801.857
666 415 434.142 73.218 727.014
667 438 434.624 55.757 657.652
668 357 424.921 58.797 660.109
669 380 419.305 53.923 634.997
670 404 417.391 43.789 592.547
671 428 418.717 35.161 559.361
672 448 422.377 32.775 553.477
673 369 415.704 36.257 560.732
674 390 412.491 32.814 543.747
675 415 412.804 25.159 513.440
676 437 415.828 24.162 512.476
677 357 408.474 30.989 532.430
678 380 404.914 29.469 522.790
679 402 404.549 22.738 495.501
680 322 394.230 35.110 534.670
681 449 401.076 38.313 554.328
682 368 396.941 35.969 540.817
683 391 396.198 28.275 509.298
684 413 398.298 24.881 497.822
685 436 403.010 26.907 510.638
686 354 396.883 30.900 520.483
687 378 394.522 27.305 503.742
688 401 395.331 21.895 482.911
689 422 398.664 22.255 487.684
690 445 404.456 26.827 511.764
691 367 399.774 28.313 513.026
692 389 398.427 23.590 492.787
693 394 397.873 18.660 472.513
694 333 389.763 28.185 502.503
695 458 398.292 36.065 542.552
696 378 395.755 31.486 521.699
697 400 396.285 24.542 494.453
698 424 399.749 24.468 497.621
699 343 392.655 30.764 515.711
700 367 389.448 28.685 504.188
701 389 389.392 21.611 475.836
702 411 392.093 20.934 475.829
703 433 397.206 24.648 495.798
704 354 391.805 27.937 503.553
705 276 377.329 46.284 562.465
706 399 380.037 39.453 537.849
707 421 385.157 38.549 539.353
708 443 392.387 41.564 558.643
709 364 388.838 37.382 538.366
710 386 388.483 28.656 503.107
711 409 391.047 25.980 494.967
712 433 396.291 28.662 510.939
713 352 390.754 31.184 515.490
714 376 388.909 26.615 495.369
715 397 389.920 21.731 476.844
716 420 393.680 22.878 485.192
717 340 386.970 28.900 502.570
718 362 383.848 27.137 492.396
719 385 383.992 20.604 466.408
720 407 386.868 20.486 468.812
721 311 377.384 31.960 505.224
722 452 386.711 40.292 547.879
723 374 385.122 32.999 517.118
724 396 386.481 27.128 494.993
725 419 390.545 27.459 500.381
726 442 396.976 31.850 524.376
727 364 392.854 31.100 517.254
728 386 391.997 24.824 491.293
729 408 393.997 22.118 482.469
730 430 398.497 24.463 496.349
731 352 392.684 28.518 506.756
732 374 390.348 25.475 492.248
733 397 391.179 20.561 473.423
734 419 394.656 21.506 480.680
735 341 387.949 27.866 499.413
736 364 384.955 26.137 489.503
737 386 385.085 19.830 464.405
738 408 387.949 19.884 467.485
739 277 374.080 39.183 530.812
740 352 371.320 34.217 508.188
741 375 371.780 26.467 477.648
742 397 374.932 25.367 476.400
743 421 380.690 29.102 497.098
744 443 388.478 35.456 530.302
745 365 385.543 31.727 512.451
746 386 385.600 23.895 481.180
747 409 388.525 23.039 480.681
748 431 393.834 26.570 500.114
749 353 388.729 28.859 504.165
750 377 387.262 24.209 484.098
751 398 388.604 20.505 470.624
752 422 392.778 22.683 483.510
753 444 399.180 28.217 512.048
754 368 395.282 27.982 507.210
755 389 394.496 22.360 483.936
756 413 396.809 20.817 480.077
757 435 401.582 23.966 497.446
758 356 395.884 27.945 507.664
759 380 393.898 24.432 491.626
760 401 394.785 19.877 474.293
761 426 398.686 21.735 485.626
762 449 404.975 27.307 514.203
763 376 401.353 26.818 508.625
764 394 400.433 21.721 487.317
765 409 401.503 18.164 474.159
766 338 393.565 27.514 503.621
767 358 389.119 28.414 502.775
768 383 388.354 22.648 478.946
769 3060 722.309 601.408 3127.941
770 2052 888.520 741.926 3856.224
771 1044 907.955 590.455 3269.775
772 366 840.210 561.393 3085.782
773 389 783.808 519.746 2862.792
774 413 737.457 470.923 2621.149
775 436 699.774 419.135 2376.314
776 358 657.052 389.114 2213.508
777 379 622.295 352.658 2032.927
778 374 591.258 318.807 1866.486
779 426 570.600 275.255 1671.620
780 350 543.025 254.697 1561.813
781 371 521.521 228.652 1436.129
782 394 505.580 199.384 1303.116
783 418 494.632 168.696 1169.416
784 440 487.803 138.472 1041.691
785 361 471.952 131.592 998.320
786 386 461.208 117.496 931.192
787 407 454.432 99.980 854.352
788 432 451.628 79.892 771.196
789 354 439.424 81.275 764.524
790 377 431.621 74.611 730.065
791 400 427.668 62.875 679.168
792 424 427.209 47.958 619.041
793 447 429.682 40.297 590.870
794 370 422.221 43.277 595.329
795 374 416.193 43.005 588.213
796 417 416.293 32.429 546.009
797 440 419.256 29.507 537.284
798 361 411.974 34.873 551.466
799 386 408.727 31.835 536.067
800 409 408.761 23.935 504.501
801 433 411.790 23.253 504.802
802 354 404.566 30.080 524.886
803 377 401.120 28.590 515.480
804 402 401.230 21.634 487.766
805 425 404.201 21.424 489.897
806 346 396.925 28.799 512.121
807 367 393.184 28.145 505.764
808 367 389.911 26.835 497.251
809 313 380.297 36.950 528.097
810 283 368.134 48.995 564.114
811 358 366.867 38.962 522.715
812 383 368.883 32.750 499.883
813 406 373.522 32.681 504.246
814 430 380.581 36.864 528.037
815 350 376.758 34.337 514.106
816 361 374.788 29.199 491.584
817 397 377.564 26.758 484.596
818 421 382.993 29.569 501.269
819 446 390.868 35.959 534.704
820 366 387.759 32.408 517.391
821 390 388.039 24.796 487.223
822 413 391.159 24.057 487.387
823 438 397.014 28.288 510.166
824 360 392.387 29.312 509.635
825 383 391.213 24.037 487.361
826 407 393.186 21.480 479.106
827 431 397.912 24.382 495.440
828 239 378.048 53.048 590.240
829 374 377.542 40.671 540.226
830 398 380.099 34.978 520.011
831 422 385.336 35.399 526.932
832 445 392.794 39.600 551.194
833 366 389.444 35.561 531.688
834 390 389.513 26.791 496.677
835 414 392.573 25.449 494.369
836 438 398.251 29.023 514.343
837 359 393.344 30.353 514.756
838 387 392.551 24.151 489.155
839 407 394.357 21.273 479.449
840 431 398.937 23.969 494.813
841 352 393.069 28.243 506.041
842 375 390.810 25.134 491.346
843 400 391.958 20.860 475.398
844 525 408.588 44.748 587.580
845 446 413.264 41.745 580.244
846 366 407.356 41.647 573.944
847 391 405.311 34.812 544.559
848 414 406.397 28.009 518.433
849 439 410.472 28.138 523.024
850 360 404.163 32.143 532.735
851 384 401.642 28.517 515.710
852 406 402.186 22.340 491.546
853 431 405.787 23.058 498.019
854 453 411.688 27.621 522.172
855 323 400.602 40.115 561.062
856 359 395.401 39.186 552.145
857 421 398.600 34.989 538.556
858 242 379.025 60.497 621.013
859 364 377.146 48.658 571.778
860 388 378.502 38.867 533.970
861 411 382.564 36.259 527.600
862 435 389.118 38.664 543.774
863 356 384.978 36.242 529.946
864 380 384.355 28.269 497.431
865 403 386.685 25.279 487.801
866 427 391.724 27.778 502.836
867 451 399.133 33.799 534.329
868 372 395.741 31.284 520.877
869 396 395.773 23.519 489.849
870 419 398.676 22.720 489.556
871 443 404.216 26.736 511.160
872 363 399.064 29.068 515.336
873 388 397.681 24.221 494.565
874 411 399.345 21.078 483.657
875 435 403.801 23.607 498.229
876 355 397.700 28.380 511.220
877 380 395.487 25.156 496.111
878 402 396.301 20.291 477.465
879 426 400.013 21.714 486.869
880 347 393.386 27.881 504.910
881 370 390.462 26.025 494.562
882 395 391.029 20.510 473.069
883 417 394.275 21.063 478.527
884 442 400.240 26.237 505.188
885 361 395.335 28.260 508.375
886 386 394.168 23.237 487.116
887 409 396.022 20.671 478.706
888 243 376.894 48.976 572.798
889 242 360.032 66.240 624.992
890 241 345.153 75.718 648.025
891 308 340.508 64.915 600.168
892 321 338.069 52.953 549.881
893 345 338.935 41.230 503.855
894 367 342.443 37.061 490.687
895 328 340.637 30.954 464.453
896 414 349.807 39.263 506.859
897 437 360.706 48.520 554.786
898 357 360.242 37.200 509.042
899 382 362.961 32.659 493.597
900 352 361.590 26.891 469.154
901 428 369.891 34.695 508.671
902 350 367.404 30.372 488.892
903 321 361.603 32.929 493.319
904 397 366.027 32.439 495.783
905 420 372.773 36.135 517.313
906 444 381.676 42.682 552.404
907 366 379.716 35.440 521.476
908 390 381.001 28.829 496.317
909 414 385.125 28.839 500.481
910 438 391.734 33.195 524.514
911 364 388.267 30.962 512.115
912 382 387.483 24.591 485.847
913 406 389.797 22.493 479.769
914 327 381.947 30.605 504.367
915 351 378.078 29.722 496.966
916 375 377.693 22.964 469.549
917 398 380.231 21.665 466.891
918 273 366.827 39.704 525.643
919 444 376.473 46.659 563.109
920 366 375.163 37.284 524.299
921 389 376.892 30.990 500.852
922 413 381.405 31.140 505.965
923 436 388.229 35.297 529.417
924 357 384.325 33.303 517.537
925 380 383.784 25.923 487.476
926 403 386.186 23.645 480.766
927 428 391.412 26.880 498.932
928 348 385.985 29.656 504.609
929 373 384.361 25.082 484.689
930 396 385.815 21.357 471.243
931 421 390.213 23.713 485.065
932 444 396.936 29.550 515.136
933 364 392.819 29.366 510.283
934 388 392.216 23.078 484.528
935 411 394.564 21.417 480.232
936 398 394.993 16.813 462.245
937 244 376.118 45.638 558.670
938 236 358.603 64.878 618.115
939 401 363.902 57.932 595.630
940 395 367.789 50.251 568.793
941 346 365.065 42.454 534.881
942 370 365.681 32.919 497.357
943 394 369.220 30.884 492.756
944 419 375.442 34.052 511.650
945 386 376.761 27.848 488.153
946 364 375.165 23.677 469.873
947 387 376.644 20.346 458.028
948 313 368.688 29.181 485.412
949 434 376.852 36.172 521.540
950 355 374.120 31.909 501.756
951 379 374.730 24.998 474.722
952 402 378.138 24.713 476.990
953 528 396.870 51.316 602.134
954 312 386.261 57.052 614.469
955 243 368.353 74.127 664.861
956 392 371.308 60.768 614.380
957 416 376.894 55.352 598.302
958 441 384.907 55.537 607.055
959 362 382.043 46.662 568.691
960 386 382.537 35.861 525.981
961 409 385.844 32.684 516.580
962 433 391.738 34.828 531.050
963 354 387.020 34.376 524.524
964 378 385.892 27.755 496.912
965 403 388.030 24.558 486.262
966 426 392.776 26.724 499.672
967 347 387.054 30.056 507.278
968 371 385.047 26.053 489.259
969 374 383.666 21.955 471.486
970 418 387.957 23.976 483.861
971 442 394.712 29.804 513.928
972 361 390.498 29.727 509.406
973 386 389.935 23.278 483.047
974 408 392.193 21.409 477.829
975 433 397.293 24.982 497.221
976 293 384.256 41.550 550.456
977 378 383.474 32.530 513.594
978 351 379.414 31.500 505.414
979 280 366.987 45.371 548.471
980 277 355.738 53.712 570.586
981 368 357.270 42.966 529.134
982 393 361.736 40.040 521.896
983 282 351.769 47.472 541.657
984 441 362.922 55.123 583.414
